20
35277 38250 2 199 1349 28136 16549 49 90 40 96
36402 39273 278 35 1000000 11371 25106 51 98 33 54
8497 2343 94 193 1000000 5999 1852 70 15 92 16
35510 11125 1346 1407 395 35248 9485 18 91 26 9
196 827 117 730 108 131 477 41 72 11 66
38850 37146 6 132 1443 28733 35729 1 38 55 58
14 15 12 4 4 3 5 84 74 53 68
24576 30148 1171 1922 740 19787 13047 34 74 34 11
4 4 1 1 3 1 1 2 2 2 2
703 687 125 343 321 68 78 38 8 2 66
5726 4567 144 121 1000000 454 3685 99 81 46 52
9870 591 100 109 1000000 46 313 37 25 63 70
9883 7515 100 76 1000000 9567 1921 35 86 77 52
1163 9027 94 86 1000000 1054 6993 92 90 59 19
943 715 356 144 449 893 533 86 24 28 90
37637 35252 131 4 1326 1844 2265 72 38 3 79
4 4 2 2 1 0 2 1 2 3 4
1078 5052 143 146 1000000 857 568 15 20 2 7
16 18 5 1 5 10 8 21 27 29 87
192 223 29 170 28 25 108 89 74 40 51
